)O+_06 Big-body initial data  (WARNING: Do not delete this line!!)
) Lines beginning with `)' are ignored.
)---------------------------------------------------------------------
 style (Cartesian, Asteroidal, Cometary) = Cartesian
)---------------------------------------------------------------------
 BODY3      m=0.0000000300000000 r=0.002293
 -0.4957146856361270 0.3624298841530070 -0.0012734106139965
 -0.0129410386195140 -0.0176989694830058 -0.0000209852473164
 0. 0. 0.
 BODY4      m=0.0000000300000000 r=0.001856
 0.2868777529510037 -0.4067038081266962 0.0003532195735563
 0.0199462962753892 0.0140628104392154 -0.0000774078536633
 0. 0. 0.
 BODY5      m=0.0000000300000000 r=0.001949
 -0.4949575005808337 0.1651014643857064 -0.0020871073088054
 -0.0075236984448416 -0.0225535953291489 0.0004997209513206
 0. 0. 0.
 BODY6      m=0.0000000300000000 r=0.002056
 0.1907056490934149 0.5170454198713965 0.0029854393696926
 -0.0217530862016810 0.0080204709505326 0.0000587540189081
 0. 0. 0.
 BODY7      m=0.0000000300000000 r=0.002685
 0.2299987026757320 -0.6818690370635195 0.0049063089562617
 0.0192224258550147 0.0064889216904656 -0.0000909769682203
 0. 0. 0.
 BODY8      m=0.0000000300000000 r=0.002699
 -0.0216936926770314 0.7230224380628556 0.0041638212443405
 -0.0202162197557367 -0.0006004577571977 -0.0000424126823644
 0. 0. 0.
 BODY9      m=0.0000000300000000 r=0.001888
 -0.4686366278059145 0.1890664337782462 0.0020069010599020
 -0.0090390974426657 -0.0224105507393709 -0.0000477372275202
 0. 0. 0.
 BODY10      m=0.0000000300000000 r=0.002750
 -0.7364672134499638 0.0042794721998460 -0.0000351674213315
 -0.0001163379859514 -0.0200140572030751 0.0000687750008881
 0. 0. 0.
 BODY11      m=0.0000000300000000 r=0.002750
 0.3819031497142015 -0.6305489434590165 -0.0015420726771517
 0.0171450605478859 0.0103895521985053 0.0004029842086647
 0. 0. 0.
 BODY12      m=0.0000000300000000 r=0.002726
 -0.0845648764057226 -0.7255096098716401 -0.0022431451134211
 0.0199898641480878 -0.0023238603015292 -0.0000103058900970
 0. 0. 0.
 BODY13      m=0.0000000300000000 r=0.001740
 0.3794538521163046 -0.2720187614864531 0.0014388800198177
 0.0146867778704267 0.0204804245533152 0.0005062662757501
 0. 0. 0.
 BODY14      m=0.0000000300000000 r=0.001813
 0.2977162216043984 -0.3844447139419272 -0.0056893732905271
 0.0195267173827894 0.0151123579297813 0.0001020051969161
 0. 0. 0.
 BODY15      m=0.0000000300000000 r=0.001804
 -0.4811152943730256 0.0403289422891054 -0.0034017298833597
 -0.0020629092471934 -0.0246325847110339 -0.0001728934757406
 0. 0. 0.
 BODY16      m=0.0000000300000000 r=0.002276
 0.3197609684972357 -0.5198900956522954 -0.0009732725566663
 0.0187698466541045 0.0115454374183844 0.0000352303875570
 0. 0. 0.
 BODY17      m=0.0000000300000000 r=0.002708
 -0.3772566391619870 0.6196994052380667 -0.0004885009607401
 -0.0172390312807833 -0.0104888728883582 -0.0002021410801610
 0. 0. 0.
 BODY18      m=0.0000000300000000 r=0.002676
 -0.5278201360432140 0.4849895715427046 0.0003694161506423
 -0.0137347894512473 -0.0149420843973000 -0.0000020598433996
 0. 0. 0.
 BODY19      m=0.0000000300000000 r=0.002671
 -0.6665472874975676 -0.2590225663175912 -0.0081382301060742
 0.0073603322048491 -0.0189323677861634 -0.0000797233633536
 0. 0. 0.
 BODY20      m=0.0000000300000000 r=0.001680
 0.3207547594841754 0.3166582999161802 0.0019418667021611
 -0.0180265853328661 0.0182487584859421 -0.0000593791973410
 0. 0. 0.
 BODY21      m=0.0000000300000000 r=0.002066
 -0.5025272527611790 -0.2312223800250083 -0.0014641336675459
 0.0096536199093034 -0.0209832051544341 0.0000249759384642
 0. 0. 0.
 BODY22      m=0.0000000300000000 r=0.002441
 -0.4906010054200070 -0.4320598962314451 -0.0039167504336569
 0.0140473648694336 -0.0159462627897458 -0.0001396096087790
 0. 0. 0.
 BODY23      m=0.0000000300000000 r=0.002228
 0.5700624338554855 0.1796164058684618 0.0065193278762094
 -0.0066888730391206 0.0212483866140354 -0.0005249659294822
 0. 0. 0.
 BODY24      m=0.0000000300000000 r=0.002612
 -0.4336917868844585 -0.5490051206347347 -0.0015340854067449
 0.0161252971927616 -0.0127334214583099 0.0000423941727703
 0. 0. 0.
 BODY25      m=0.0000000300000000 r=0.001811
 0.4856406316013215 0.0175429102244845 -0.0000848270560441
 -0.0008924386956214 0.0246981629876873 0.0001145863560564
 0. 0. 0.
 BODY26      m=0.0000000300000000 r=0.002155
 0.3937525050768733 0.4229130505622036 0.0010498318756563
 -0.0165800472257023 0.0154361439840759 -0.0000601574923463
 0. 0. 0.
 BODY27      m=0.0000000300000000 r=0.002026
 -0.5411540259060090 0.0359410588199413 0.0012478529195848
 -0.0015454744304510 -0.0232722710939908 -0.0000166551217084
 0. 0. 0.
 BODY28      m=0.0000000300000000 r=0.002187
 -0.2204150940958689 0.5428276652508801 -0.0021420584088155
 -0.0208112529652049 -0.0084506216367710 0.0000253672595616
 0. 0. 0.
 BODY29      m=0.0000000300000000 r=0.002576
 -0.4334507199572252 -0.5368619903956717 0.0017583212984871
 0.0160986660580711 -0.0129920479294958 0.0003066006104185
 0. 0. 0.
 BODY30      m=0.0000000300000000 r=0.002641
 -0.7055246123243732 -0.0495114208428858 0.0024324280046412
 0.0014299752241020 -0.0203737316155650 -0.0000464597100722
 0. 0. 0.
 BODY31      m=0.0000000300000000 r=0.002247
 -0.0087349874595843 -0.6020001205749592 -0.0038389568952084
 0.0221646020784855 -0.0003188841998577 -0.0003343479199775
 0. 0. 0.
 BODY32      m=0.0000000300000000 r=0.002388
 -0.5569765054868514 0.3141261911451618 0.0004644156698408
 -0.0105548941135732 -0.0187122768775716 -0.0000516176900658
 0. 0. 0.
 BODY33      m=0.0000000300000000 r=0.002629
 -0.6346506534331794 0.3046252403849477 -0.0017200505311365
 -0.0088614880344459 -0.0184572641911718 -0.0001058981269158
 0. 0. 0.
 BODY34      m=0.0000000300000000 r=0.002121
 0.4013256575325784 -0.4029289768878708 -0.0037364889590988
 0.0161798462286949 0.0161141816097113 -0.0000124495597196
 0. 0. 0.
 BODY35      m=0.0000000300000000 r=0.002098
 0.0988474819560378 0.5534417570097173 0.0005033222032342
 -0.0225915451230203 0.0040332006788133 -0.0000342721878466
 0. 0. 0.
 BODY36      m=0.0000000300000000 r=0.001878
 0.4983625974810107 0.0746786134730857 -0.0016358334042601
 -0.0035968669186933 0.0240007775001860 0.0001599917550319
 0. 0. 0.
 BODY37      m=0.0000000300000000 r=0.002644
 -0.3923322434142095 -0.5897294767128951 -0.0036821635479342
 0.0170009112421860 -0.0113076043807973 0.0004286085696693
 0. 0. 0.
 BODY38      m=0.0000000300000000 r=0.002301
 -0.4299137958027937 -0.4415475652644023 -0.0019389371495137
 0.0156844928245988 -0.0152697205783278 -0.0000360526923182
 0. 0. 0.
 BODY39      m=0.0000000300000000 r=0.002129
 -0.5294618698267018 0.2106967372218111 0.0019859814872540
 -0.0084135270995541 -0.0211437303023743 0.0000034019041591
 0. 0. 0.
 BODY40      m=0.0000000300000000 r=0.001859
 0.4943836706696881 -0.0653342573118284 0.0000009746987788
 0.0031971807809947 0.0241864046649427 -0.0000002039041782
 0. 0. 0.
 BODY41      m=0.0000000300000000 r=0.002282
 -0.4943936339495725 0.3591823909391333 0.0023500809518803
 -0.0129183950569201 -0.0177810614678028 0.0001133944493568
 0. 0. 0.
 BODY42      m=0.0000000300000000 r=0.001730
 -0.3737054069406270 -0.2737554034501129 -0.0007554592727459
 0.0149127365490288 -0.0203674100856597 -0.0000004529953180
 0. 0. 0.
 BODY43      m=0.0000000300000000 r=0.002689
 -0.7098989892820113 -0.1208147216574282 -0.0062491773891058
 0.0033969511279347 -0.0199538128190846 -0.0000127776436037
 0. 0. 0.
 BODY44      m=0.0000000300000000 r=0.002398
 0.4555080606036124 -0.4540130402073305 0.0051370543411478
 0.0151574757660295 0.0152102927047246 0.0000237795026065
 0. 0. 0.
 BODY45      m=0.0000000300000000 r=0.001847
 -0.2066000019774155 -0.4496189950115695 0.0000420406204141
 0.0222046315865648 -0.0102099296956847 0.0000044314145776
 0. 0. 0.
 BODY46      m=0.0000000300000000 r=0.001821
 -0.4307797488727845 0.2278974008134327 -0.0006879054218868
 -0.0115044727152214 -0.0217536340899389 0.0000262935216236
 0. 0. 0.
 BODY47      m=0.0000000300000000 r=0.002177
 0.5168843456229441 -0.2716693549208940 0.0046667849008493
 0.0104875973896781 0.0199531920706725 -0.0000161265634583
 0. 0. 0.
 BODY48      m=0.0000000300000000 r=0.002121
 0.5599436135760829 -0.1017013926503196 0.0016936990611180
 0.0040818443448282 0.0224653305035218 -0.0004169813650352
 0. 0. 0.
 BODY49      m=0.0000000300000000 r=0.002489
 0.4016992292450979 -0.5327591317402741 0.0033544399722600
 0.0168289140348084 0.0126926312021930 -0.0000064244844527
 0. 0. 0.
 BODY50      m=0.0000000300000000 r=0.002412
 -0.6310854641589716 -0.1367981336111469 0.0023057248133648
 0.0045289913596946 -0.0208901562637785 0.0000273146024638
 0. 0. 0.
 BODY51      m=0.0000000300000000 r=0.002744
 -0.6606344658687119 0.3219668672813829 0.0029771147782028
 -0.0087817830826677 -0.0180109388296595 -0.0002021697091766
 0. 0. 0.
 BODY52      m=0.0000000300000000 r=0.002182
 -0.4478233123048878 0.3754084678911075 -0.0013365819171621
 -0.0144389966477934 -0.0172252931942376 -0.0001911982843292
 0. 0. 0.
 BODY53      m=0.0000000300000000 r=0.002074
 0.3233664077035962 -0.4523025934839441 0.0048395595161439
 0.0187845086637633 0.0134271020141235 -0.0000336431091180
 0. 0. 0.
 BODY54      m=0.0000000300000000 r=0.001765
 -0.4582139912552621 0.1142802727163904 0.0090618603889362
 -0.0060491994131706 -0.0242492062194904 -0.0001822529448558
 0. 0. 0.
 BODY55      m=0.0000000300000000 r=0.002727
 0.7308393689425151 -0.0265384723771937 -0.0010513141066383
 0.0007310001549267 0.0201328829357770 0.0001047185727804
 0. 0. 0.
 BODY56      m=0.0000000300000000 r=0.002478
 0.1282212700496310 -0.6517744371803734 0.0025476541025716
 0.0207144061928072 0.0040779991642325 -0.0001699365086136
 0. 0. 0.
 BODY57      m=0.0000000300000000 r=0.002129
 0.1067383010080321 -0.5605100554855833 0.0011422451365223
 0.0223777491692953 0.0042603616207957 0.0001041156803290
 0. 0. 0.
 BODY58      m=0.0000000300000000 r=0.002420
 -0.5183688482054892 -0.3890449425990456 -0.0042192595876782
 0.0128117361094281 -0.0170682937069404 0.0000615008879417
 0. 0. 0.
 BODY59      m=0.0000000300000000 r=0.002169
 -0.3812910949036604 -0.4382970664713084 -0.0015328317047409
 0.0170107370087731 -0.0147983633020052 -0.0001467091615371
 0. 0. 0.
 BODY60      m=0.0000000300000000 r=0.002681
 0.1218665163775734 -0.7080329599591850 0.0000979620808813
 0.0200052793067575 0.0034489954098786 -0.0000259470857719
 0. 0. 0.
 BODY61      m=0.0000000300000000 r=0.002397
 0.5870603180594955 -0.2622872846328445 -0.0035222439556034
 0.0087619210373956 0.0196143921869772 -0.0000400726331820
 0. 0. 0.
 BODY62      m=0.0000000300000000 r=0.002031
 -0.4862868787388844 0.2435127313221772 -0.0012879519717233
 -0.0104291922370195 -0.0208298880008527 -0.0000273785408679
 0. 0. 0.
 BODY63      m=0.0000000300000000 r=0.002724
 -0.3419970506355343 0.6444068380377610 0.0086237401428573
 -0.0177790872944334 -0.0094300624580718 0.0000377921223583
 0. 0. 0.
 BODY64      m=0.0000000300000000 r=0.002523
 0.6035121020617145 0.3056950809734250 -0.0083472106655474
 -0.0094604374859177 0.0186833390009109 0.0000798532529300
 0. 0. 0.
 BODY65      m=0.0000000300000000 r=0.002760
 0.7365433279511123 0.0737570340649264 -0.0002245936304208
 -0.0019946176475627 0.0199250465149238 0.0000748995644289
 0. 0. 0.
 BODY66      m=0.0000000300000000 r=0.002709
 -0.3847045339471035 -0.6154308031796109 -0.0001077150139654
 0.0171111349432413 -0.0106901635798403 -0.0000530933324956
 0. 0. 0.
 BODY67      m=0.0000000300000000 r=0.002266
 -0.4220415237801400 -0.4360197028784214 -0.0018848482476178
 0.0158511270783683 -0.0153419100921497 -0.0000427590935634
 0. 0. 0.
 BODY68      m=0.0000000300000000 r=0.002182
 0.1437592123143790 -0.5670192028937817 -0.0018710513384279
 0.0218092966405021 0.0055282760952232 0.0002286253252507
 0. 0. 0.
 BODY69      m=0.0000000300000000 r=0.002244
 -0.2660016535067411 -0.5388887060450661 0.0012970162947052
 0.0198836589478550 -0.0098148622375132 -0.0002505892100855
 0. 0. 0.
 BODY70      m=0.0000000300000000 r=0.002662
 -0.3476061068394591 0.6224225003831000 0.0110662401283195
 -0.0177758987529189 -0.0099218565703579 0.0000006381817751
 0. 0. 0.
 BODY71      m=0.0000000300000000 r=0.002724
 -0.4150164922214455 -0.6002687046109626 -0.0022261233297590
 0.0165519297217891 -0.0114379131045938 0.0000712771637653
 0. 0. 0.
 BODY72      m=0.0000000300000000 r=0.002742
 -0.7329488705980957 0.0422259765174103 -0.0086265218168129
 -0.0011551852029418 -0.0200114223417972 0.0001654321671364
 0. 0. 0.
 BODY73      m=0.0000000300000000 r=0.002698
 -0.6153193197263118 -0.3784870475707877 -0.0067405174128339
 0.0105914911254723 -0.0172151454990396 0.0001152384048372
 0. 0. 0.
 BODY74      m=0.0000000300000000 r=0.001764
 -0.3902086897214180 0.2661357980289634 0.0000444283544242
 -0.0140814136191867 -0.0206551648940174 -0.0001373145640666
 0. 0. 0.
 BODY75      m=0.0000000300000000 r=0.001841
 -0.4128234453509551 0.2691874888096454 -0.0022745284459402
 -0.0133626508857783 -0.0205015694405464 -0.0001989335484993
 0. 0. 0.
 BODY76      m=0.0000000300000000 r=0.002203
 0.4317703408861360 -0.4033518170329449 0.0022646097436687
 0.0152941015316553 0.0163706644700746 -0.0001660759152597
 0. 0. 0.
 BODY77      m=0.0000000300000000 r=0.002273
 0.5960772643720940 -0.1281652689939054 0.0116903555154932
 0.0046303602226306 0.0215672854276222 0.0003418577270419
 0. 0. 0.
 BODY78      m=0.0000000300000000 r=0.002314
 -0.2174214940989594 0.5805139179260455 0.0004410045899712
 -0.0204503688140958 -0.0076578715515846 0.0001003065478516
 0. 0. 0.
 BODY79      m=0.0000000300000000 r=0.002244
 -0.5986447739111203 -0.0493906417387743 -0.0022993127818200
 0.0018221475913300 -0.0220871016398683 0.0000452503611940
 0. 0. 0.
 BODY80      m=0.0000000300000000 r=0.002300
 -0.5716880819564040 0.2290858712246120 -0.0082515064387533
 -0.0081369729842202 -0.0203168256193959 -0.0003392812661243
 0. 0. 0.
 BODY81      m=0.0000000300000000 r=0.001748
 -0.0006701547869588 0.4685599385532786 -0.0002108814190166
 -0.0251307045211497 -0.0000453717205841 0.0000027860522933
 0. 0. 0.
 BODY82      m=0.0000000300000000 r=0.002655
 -0.3445121198460789 0.6221862055794490 -0.0001266834920586
 -0.0178344016573418 -0.0098696739961902 0.0000141391249306
 0. 0. 0.
 BODY83      m=0.0000000300000000 r=0.001861
 0.4706760107455105 0.1669547632935332 0.0004406680864257
 -0.0081513700357271 0.0229738423370676 -0.0000768976231803
 0. 0. 0.
 BODY84      m=0.0000000300000000 r=0.002398
 -0.3937501717524432 0.5073422985560454 -0.0032119200656631
 -0.0169415247322682 -0.0131473032703386 -0.0002459462538420
 0. 0. 0.
 BODY85      m=0.0000000300000000 r=0.002485
 -0.3927771946824314 0.5373068679904498 -0.0001098588513345
 -0.0170068274066424 -0.0124285797608103 -0.0003530264769892
 0. 0. 0.
 BODY86      m=0.0000000300000000 r=0.002373
 0.5333134766787445 -0.3474445784151597 0.0044359512662755
 0.0117824503313889 0.0180897520202824 0.0001442486682906
 0. 0. 0.
 BODY87      m=0.0000000300000000 r=0.002450
 -0.6407338669657329 -0.1400732128920257 0.0046298956953532
 0.0045313886603537 -0.0207193281663358 0.0001589188450464
 0. 0. 0.
 BODY88      m=0.0000000300000000 r=0.001923
 0.1947561438497533 -0.4774877700555680 0.0003675768047331
 0.0221944397092431 0.0090472326556392 -0.0002528139703506
 0. 0. 0.
 BODY89      m=0.0000000300000000 r=0.002113
 -0.4324371302005119 -0.3646924259810826 -0.0028678663630337
 0.0147274331202410 -0.0174644851112316 -0.0000288473534643
 0. 0. 0.
 BODY90      m=0.0000000300000000 r=0.002689
 -0.7198805153799553 0.0105011990434790 0.0015581647755154
 -0.0002951996656991 -0.0202406574881141 0.0000663747781810
 0. 0. 0.
 BODY91      m=0.0000000300000000 r=0.002726
 -0.5449828860458311 0.4856477160418903 -0.0010937552555460
 -0.0133830192370724 -0.0150119965859109 0.0000069688351473
 0. 0. 0.
 BODY92      m=0.0000000300000000 r=0.002548
 0.6196841217127907 -0.2878226021787877 0.0052845642398045
 0.0087767267106019 0.0189011095032160 0.0000215219459294
 0. 0. 0.
 BODY93      m=0.0000000300000000 r=0.001949
 -0.0634796722609485 -0.5182549950721945 -0.0001249986554315
 0.0236252492656675 -0.0028984231666208 -0.0000200738841298
 0. 0. 0.
 BODY94      m=0.0000000300000000 r=0.002468
 0.6177097445957893 -0.2378909319844493 0.0088253631648774
 0.0076065837865196 0.0197588510319632 0.0001092044343831
 0. 0. 0.
 BODY95      m=0.0000000300000000 r=0.002487
 0.0440553722512698 -0.6650122577808769 0.0004293570278449
 0.0210274312147657 0.0013966827537467 -0.0000303426946420
 0. 0. 0.
 BODY96      m=0.0000000300000000 r=0.001937
 0.1022171295279684 -0.5089190707563265 0.0021260732988112
 0.0234168497783502 0.0046982627153404 -0.0000375011506965
 0. 0. 0.
 BODY97      m=0.0000000300000000 r=0.002687
 0.3512510338727655 0.6290266518069338 -0.0058745192480669
 -0.0177039324062544 0.0098934393641707 0.0001855592283796
 0. 0. 0.
 BODY98      m=0.0000000300000000 r=0.001745
 0.1494891312420726 -0.4433918617023216 0.0002213005577027
 0.0238447525765336 0.0080297328964209 0.0000276472221390
 0. 0. 0.
 BODY99      m=0.0000000300000000 r=0.002658
 -0.2365498448007467 -0.6714000548549300 -0.0148730020013487
 0.0192197762054834 -0.0067671908387442 0.0000491949016296
 0. 0. 0.
 BODY100      m=0.0000000300000000 r=0.002772
 -0.5928572567978403 -0.4469165300596939 -0.0001246780930822
 0.0120060543835569 -0.0159200776455002 -0.0001259415260696
 0. 0. 0.
 BODY101      m=0.0000000300000000 r=0.002755
 0.7095696894351690 0.2064299579967539 0.0006999197932084
 -0.0055961110098391 0.0192411246093647 0.0002893208149726
 0. 0. 0.
 BODY102      m=0.0000000300000000 r=0.002220
 -0.4374525797307688 0.4026170469361858 0.0047058344447587
 -0.0150912399925736 -0.0163973745468078 0.0000508142811938
 0. 0. 0.
