 23
 1 1.000000
 0. 0. 0.
 0. 0. 0.
 2 0.0005000000000000 0.055032
 0.000160
 0.7000000000000000 0.0000000000000000 0.0000000000000000
 0.0000000000000000 1.1944136812436712 -0.0053316976902001
 3 0.0005000000000000 0.055032
 0.000160
 0.9900000000000000 0.0000000000000000 0.0000000000000000
 0.0000000000000000 1.0091955201254357 0.0033828176305819
 4 0.0000000300000000 0.002154
 0.000040
 -0.4552406327123057 -0.5056890982007670 -0.0060848291527366
 0.8998842570800778 -0.8115050060657248 -0.0089216001812005
 5 0.0000000300000000 0.002154
 0.000040
 0.5651750004560608 -0.3999334080799254 0.0024339275197222
 0.6952244680408767 0.9810236977999347 0.0030977191667827
 6 0.0000000300000000 0.002154
 0.000040
 0.9797552536109780 0.1801238348275200 -0.0112318327653836
 -0.1813807296922617 0.9857554780799158 0.0002179250031393
 7 0.0000000300000000 0.002154
 0.000040
 0.7239179774054323 0.1536502590476901 0.0073925351962986
 -0.2417509946389964 1.1376592304056388 0.0002949056012060
 8 0.0000000300000000 0.002154
 0.000040
 0.6780370024279903 0.2381956592511016 0.0017421164998890
 -0.3916334426945255 1.1133804303930457 0.0051547993412631
 9 0.0000000300000000 0.002154
 0.000040
 0.7166521783662241 0.6744129106723502 -0.0061426578997283
 -0.6914923296342610 0.7339021866540246 -0.0036868754381014
 10 0.0000000300000000 0.002154
 0.000040
 -0.7971941389161431 0.6877006430904883 0.0051491241554976
 -0.6359610301652704 -0.7380556908393281 0.0077910686348695
 11 0.0000000300000000 0.002154
 0.000040
 0.9615122674358678 -0.1383190872567537 0.0008854106353278
 0.1446443664901089 1.0046522089821277 0.0082968830098851
 12 0.0000000300000000 0.002154
 0.000040
 -0.3722125548190462 -0.9031168424434193 0.0137422281458915
 0.9349547806301429 -0.3860263723044396 0.0119512369828206
 13 0.0000000300000000 0.002154
 0.000040
 -1.0356942310752622 -0.3115411730558161 -0.0088146665334098
 0.2766863027024201 -0.9205045524108890 -0.0023717090689311
 14 0.0000000300000000 0.002154
 0.000040
 0.5757872538325094 0.6521860446903042 -0.0017762606843769
 -0.8044798247438020 0.7091794842614608 -0.0074087612550316
 15 0.0000000300000000 0.002154
 0.000040
 1.0199361593186320 0.0628196772731065 0.0018839859987202
 -0.0609055639524635 0.9877125275135248 0.0109294729732091
 16 0.0000000300000000 0.002154
 0.000040
 -0.5966609142350958 0.1929986658823220 0.0015199242351113
 -0.3878962286028938 -1.2008902104190406 0.0001613417041546
 17 0.0000000300000000 0.002154
 0.000040
 -0.0584125742399003 1.0976866035376616 0.0024817738542654
 -0.9523844711330566 -0.0514142400414746 0.0006176962560404
 18 0.0000000300000000 0.002154
 0.000040
 -0.8349177877862684 -0.5458750652595916 0.0154826111022801
 0.5472416850478320 -0.8379501788494185 -0.0033801942193386
 19 0.0000000300000000 0.002154
 0.000040
 -0.8080610876823110 -0.4438489788417950 0.0070438384224233
 0.5008304091542770 -0.9126161823363581 0.0086009181751889
 20 0.0000000300000000 0.002154
 0.000040
 0.2045071710840840 0.7962187375664701 0.0171190865472863
 -1.0683636033654182 0.2736056239653181 -0.0154080458690133
 21 0.0000000300000000 0.002154
 0.000040
 0.2351120346083060 -0.9178535843157151 0.0093944957480171
 0.9955134372001311 0.2540477066115241 -0.0040686711169256
 22 0.0000000300000000 0.002154
 0.000040
 -0.4237791240595941 -0.5345384637852552 0.0028349385542770
 0.9476863128049388 -0.7527933011816810 0.0044782986983442
 23 0.0000000300000000 0.002154
 0.000040
 -0.4572628925402413 -0.4567428481020547 0.0026981947590601
 0.8778463067132745 -0.8804142179024764 0.0091480087415410
