)O+_06 Big-body initial data  (WARNING: Do not delete this line!!)
) Lines beginning with `)' are ignored.
)---------------------------------------------------------------------
 style (Cartesian, Asteroidal, Cometary) = Cartesian
)---------------------------------------------------------------------
 BODY3      m=0.0000000300000000 r=2.236068
 0.3391049616086195 0.5603884692184394 -0.0005270062934251
 -0.0182031196820069 0.0110068356705626 0.0000585801269559
 0. 0. 0.
 BODY4      m=0.0000000300000000 r=2.236068
 -0.1628293777631866 0.9322053328483452 0.0020753175625895
 -0.0174157438493185 -0.0030387642665462 -0.0000611094169789
 0. 0. 0.
 BODY5      m=0.0000000300000000 r=2.236068
 -0.4207550362913969 0.5604852366039875 0.0016654057795666
 -0.0164154433051509 -0.0123288267143989 0.0000134590349530
 0. 0. 0.
 BODY6      m=0.0000000300000000 r=2.236068
 1.0160142161214591 0.1426352352910876 0.0010736857636413
 -0.0023637060963536 0.0168423938206756 -0.0002250873490548
 0. 0. 0.
 BODY7      m=0.0000000300000000 r=2.236068
 -0.5811287684491695 0.6257589530832859 -0.0088095542341878
 -0.0136268082310137 -0.0126505703993379 0.0002449865918127
 0. 0. 0.
 BODY8      m=0.0000000300000000 r=2.236068
 -0.7397112026216085 0.4475927736086928 -0.0154757844919835
 -0.0095555939682383 -0.0158063319922009 -0.0004189702708220
 0. 0. 0.
 BODY9      m=0.0000000300000000 r=2.236068
 -0.0360856795177971 0.7464773399639879 -0.0001107874491817
 -0.0198739830913584 -0.0009642599158897 -0.0000040656811552
 0. 0. 0.
 BODY10      m=0.0000000300000000 r=2.236068
 -0.3547795950118496 0.7789043784655589 0.0095407154987163
 -0.0169109084559714 -0.0077006111163404 -0.0001285469863115
 0. 0. 0.
 BODY11      m=0.0000000300000000 r=2.236068
 0.8863778497560643 0.5041109685941620 -0.0011337730019559
 -0.0084309444884950 0.0148287990038421 -0.0000404778960850
 0. 0. 0.
 BODY12      m=0.0000000300000000 r=2.236068
 0.4275436616769034 0.7744573838345403 0.0020235063260085
 -0.0160229160604369 0.0088469873523013 0.0000293409240338
 0. 0. 0.
 BODY13      m=0.0000000300000000 r=2.236068
 1.0475615418974253 0.0430502270213618 0.0137251828241866
 -0.0006887490580524 0.0168105599452542 -0.0001519354408676
 0. 0. 0.
 BODY14      m=0.0000000300000000 r=2.236068
 -0.1910185586359971 0.5881508868522963 -0.0039529472419541
 -0.0207922257606922 -0.0067630143642796 0.0000900899661593
 0. 0. 0.
 BODY15      m=0.0000000300000000 r=2.236068
 -1.0979469224570211 -0.0395315914891828 0.0079829492858231
 0.0005895975860672 -0.0163758144411317 -0.0000373802169601
 0. 0. 0.
 BODY16      m=0.0000000300000000 r=2.236068
 0.6528382536002657 0.2647330466491201 -0.0001041947806716
 -0.0077147138032014 0.0190183414992017 -0.0001920213798410
 0. 0. 0.
 BODY17      m=0.0000000300000000 r=2.236068
 -0.4860205901199624 0.4207073098308975 0.0038512407140101
 -0.0140202462672256 -0.0162073363064357 0.0001846244486757
 0. 0. 0.
 BODY18      m=0.0000000300000000 r=2.236068
 0.8863941990221680 -0.2467315984268300 -0.0058238951836187
 0.0048160298489098 0.0173018025903786 0.0000915435120165
 0. 0. 0.
 BODY19      m=0.0000000300000000 r=2.236068
 -0.5204182105952595 0.5254593824460964 0.0053438868210718
 -0.0141947445473669 -0.0140595250482902 -0.0003372195142372
 0. 0. 0.
 BODY20      m=0.0000000300000000 r=2.236068
 0.5822237833799631 -0.3962170801682893 0.0000595425839695
 0.0115494942627142 0.0169660730056311 -0.0001241577138803
 0. 0. 0.
 BODY21      m=0.0000000300000000 r=2.236068
 -0.2385656218149693 0.7621380000225836 0.0007297691827821
 -0.0183610606840782 -0.0057487613832562 0.0001967884430081
 0. 0. 0.
 BODY22      m=0.0000000300000000 r=2.236068
 0.6674702964553374 -0.7420822207880329 0.0092403791463679
 0.0128123028459955 0.0115291760055561 0.0000613454796134
 0. 0. 0.
 BODY23      m=0.0000000300000000 r=2.236068
 0.1155027079063079 -0.6548933669507353 -0.0017575424656458
 0.0207810966960258 0.0036572541515156 0.0000121714129572
 0. 0. 0.
 BODY24      m=0.0000000300000000 r=2.236068
 0.4509162807395692 -0.9687248405789272 -0.0133542649442406
 0.0150932884501799 0.0070328432078103 -0.0001028793852986
 0. 0. 0.
 BODY25      m=0.0000000300000000 r=2.236068
 0.0057638441400841 -0.7420606163366118 -0.0096648180986632
 0.0199679664219694 0.0001512015964197 0.0000095270486773
 0. 0. 0.
 BODY26      m=0.0000000300000000 r=2.236068
 0.7212652526461076 0.6946313855050215 0.0081939544486969
 -0.0119356744879228 0.0123975730098016 0.0000182564563343
 0. 0. 0.
 BODY27      m=0.0000000300000000 r=2.236068
 -0.4602696605017840 -0.5875871340770755 0.0009365141609470
 0.0156578635714332 -0.0122686516743490 0.0001983310776261
 0. 0. 0.
 BODY28      m=0.0000000300000000 r=2.236068
 0.6126132035885832 -0.6205394585210257 0.0019056348631351
 0.0131230658928741 0.0129565641543160 0.0000114510981542
 0. 0. 0.
 BODY29      m=0.0000000300000000 r=2.236068
 0.8966746789431093 0.2322187736056089 0.0156597549594866
 -0.0044887299043978 0.0173267038432729 0.0001320566603988
 0. 0. 0.
 BODY30      m=0.0000000300000000 r=2.236068
 0.4758681929664896 0.7270444275931446 0.0090044866369842
 -0.0154531198228505 0.0101139664773234 0.0001324118819663
 0. 0. 0.
 BODY31      m=0.0000000300000000 r=2.236068
 1.0103873167802253 0.3130088025991796 -0.0069670224322541
 -0.0049555815069698 0.0160004263052476 -0.0000681082592189
 0. 0. 0.
 BODY32      m=0.0000000300000000 r=2.236068
 1.0861461982030973 0.0858182501229373 -0.0062256766209880
 -0.0012977565031531 0.0164524232205513 0.0002593652613510
 0. 0. 0.
 BODY33      m=0.0000000300000000 r=2.236068
 0.3556294803768591 0.6231904409330611 -0.0035571815110173
 -0.0176534625746299 0.0100693669560035 0.0000299569076269
 0. 0. 0.
 BODY34      m=0.0000000300000000 r=2.236068
 0.9404383097943969 -0.2864364826101208 0.0041114092050104
 0.0050614882536221 0.0166187023448766 -0.0002972713203997
 0. 0. 0.
 BODY35      m=0.0000000300000000 r=2.236068
 -0.0027217943283287 -0.9977631252788186 0.0005594025112114
 0.0172215288812765 -0.0000425972928542 0.0000081823333317
 0. 0. 0.
 BODY36      m=0.0000000300000000 r=2.236068
 0.2557792218823786 0.7771651755226424 0.0046450208632801
 -0.0180733653075475 0.0059470848487814 0.0001045891722495
 0. 0. 0.
 BODY37      m=0.0000000300000000 r=2.236068
 -0.6748296031374543 -0.8116352177214844 0.0007559188434310
 0.0128650085531024 -0.0106909636945297 -0.0000276681213918
 0. 0. 0.
 BODY38      m=0.0000000300000000 r=2.236068
 0.9733953482160849 0.2033573605102527 0.0067762992819588
 -0.0035319313349973 0.0169113507565654 -0.0000352875392801
 0. 0. 0.
 BODY39      m=0.0000000300000000 r=2.236068
 -0.4048160547389621 1.0216046253392088 -0.0070319636917974
 -0.0152494715431588 -0.0060359758400499 0.0000456472254960
 0. 0. 0.
 BODY40      m=0.0000000300000000 r=2.236068
 0.3763470121620012 0.8082816527251373 -0.0026799252371736
 -0.0165253757924154 0.0076962742062769 0.0000315875302434
 0. 0. 0.
 BODY41      m=0.0000000300000000 r=2.236068
 0.8140429612387745 0.1309762594391643 0.0074868630793734
 -0.0030131958989557 0.0187318043937378 -0.0000921294797645
 0. 0. 0.
 BODY42      m=0.0000000300000000 r=2.236068
 0.2791963500833426 0.8370610440063695 -0.0027366189577017
 -0.0173777096465912 0.0057963013328439 -0.0003158962745708
 0. 0. 0.
 BODY43      m=0.0000000300000000 r=2.236068
 0.6090298881227794 -0.8653359994828103 0.0044785944003521
 0.0136838443677646 0.0096353717677677 -0.0002438768936808
 0. 0. 0.
 BODY44      m=0.0000000300000000 r=2.236068
 0.8871879475336053 -0.1216436077753205 -0.0047853819302035
 0.0024715858054728 0.0180362160760922 -0.0001794379675065
 0. 0. 0.
 BODY45      m=0.0000000300000000 r=2.236068
 0.7906327010892825 0.1800270202907632 0.0023924054991605
 -0.0042477728582637 0.0186541947306086 -0.0000029537749876
 0. 0. 0.
 BODY46      m=0.0000000300000000 r=2.236068
 0.3986248604405265 -0.5934877603918898 -0.0049620020904474
 0.0169055890132047 0.0113483142659049 0.0001516067823365
 0. 0. 0.
 BODY47      m=0.0000000300000000 r=2.236068
 0.3401057641053506 0.7816872231098981 0.0044690692996326
 -0.0170945301342290 0.0074382858115207 -0.0000218736118455
 0. 0. 0.
 BODY48      m=0.0000000300000000 r=2.236068
 0.3252408411185434 -0.7471394096726981 0.0075093963741970
 0.0174832568132315 0.0076103505977852 0.0000481617157845
 0. 0. 0.
 BODY49      m=0.0000000300000000 r=2.236068
 0.1855930149981348 0.8251302110224619 0.0050344019076529
 -0.0182554607469014 0.0041062132086259 0.0000368189911604
 0. 0. 0.
 BODY50      m=0.0000000300000000 r=2.236068
 0.1471312492692237 -0.6459831470371561 0.0008903802867592
 0.0206122557715554 0.0046867075093208 -0.0003630281228153
 0. 0. 0.
 BODY51      m=0.0000000300000000 r=2.236068
 0.5273105792720492 -0.9511226038596419 0.0033065656399912
 0.0144350269410334 0.0080089731190206 -0.0000280657099653
 0. 0. 0.
 BODY52      m=0.0000000300000000 r=2.236068
 0.7222722885754255 -0.2097913154374935 -0.0007213329681584
 0.0055418410166529 0.0190756261273781 0.0000738680677068
 0. 0. 0.
 BODY53      m=0.0000000300000000 r=2.236068
 -0.8584651852372565 0.1756616152284710 0.0006727997752504
 -0.0036787985719417 -0.0179771919055372 -0.0000353398538185
 0. 0. 0.
 BODY54      m=0.0000000300000000 r=2.236068
 0.5397391852026160 -0.7171095803466387 -0.0000250057648438
 0.0145177446086829 0.0109291561584209 -0.0003108931805411
 0. 0. 0.
 BODY55      m=0.0000000300000000 r=2.236068
 -0.0337538563369442 0.6154428519322129 0.0000821426028178
 -0.0218759924617216 -0.0012108162295741 0.0000165893998418
 0. 0. 0.
 BODY56      m=0.0000000300000000 r=2.236068
 0.8631898970117324 -0.3679485369860950 0.0000923201185177
 0.0069722755196430 0.0163596137026192 -0.0000130400405092
 0. 0. 0.
 BODY57      m=0.0000000300000000 r=2.236068
 -0.9831994850609526 0.4643555931083062 -0.0089123622818306
 -0.0070383278571266 -0.0148942350459624 0.0001023845346514
 0. 0. 0.
 BODY58      m=0.0000000300000000 r=2.236068
 0.9127651793502598 -0.2471936043588202 -0.0019844989562266
 0.0046302696554300 0.0170999261557728 0.0000470459726512
 0. 0. 0.
 BODY59      m=0.0000000300000000 r=2.236068
 0.0579256627559798 0.8828417520617866 0.0013321330155558
 -0.0182511112326429 0.0011990119700668 -0.0000075118810087
 0. 0. 0.
 BODY60      m=0.0000000300000000 r=2.236068
 -0.4646545303243540 0.8089196121233950 0.0088621390563037
 -0.0154326875990180 -0.0088592426583576 -0.0002679833744244
 0. 0. 0.
 BODY61      m=0.0000000300000000 r=2.236068
 -0.6269179306535037 -0.2962177152392929 0.0009378987988602
 0.0088110895301214 -0.0186540151862836 0.0000397332646246
 0. 0. 0.
 BODY62      m=0.0000000300000000 r=2.236068
 0.7190781501196387 0.3261991432084331 0.0008981080113395
 -0.0080090946882760 0.0176535739567965 0.0001129534908726
 0. 0. 0.
 BODY63      m=0.0000000300000000 r=2.236068
 1.0148076415334313 0.2464429637475456 0.0158361729124617
 -0.0039766481416516 0.0163819740370202 -0.0000250443706024
 0. 0. 0.
 BODY64      m=0.0000000300000000 r=2.236068
 0.2142242274089942 -0.7463253912058024 -0.0043606699883405
 0.0187724282915350 0.0053866928206154 -0.0000802911974385
 0. 0. 0.
 BODY65      m=0.0000000300000000 r=2.236068
 0.3781931638787355 0.7101555213996623 0.0053661846975779
 -0.0169397384296200 0.0090199887767436 0.0000129914467167
 0. 0. 0.
 BODY66      m=0.0000000300000000 r=2.236068
 -0.4878186180607048 0.4743603197916452 -0.0072687272963540
 -0.0145190393620569 -0.0149371453253844 0.0000411584455046
 0. 0. 0.
 BODY67      m=0.0000000300000000 r=2.236068
 -0.1930984368919146 1.0442771581385402 -0.0056487125679386
 -0.0164108470392354 -0.0030290340900023 -0.0000280416702567
 0. 0. 0.
 BODY68      m=0.0000000300000000 r=2.236068
 0.0301771825094464 0.8133762860044453 -0.0062193979993388
 -0.0190545552847218 0.0007047627566360 -0.0001567484241589
 0. 0. 0.
 BODY69      m=0.0000000300000000 r=2.236068
 -0.0492064004619906 -0.6473427885149006 0.0007557658538363
 0.0212853509853013 -0.0016267677478674 0.0000264871502451
 0. 0. 0.
 BODY70      m=0.0000000300000000 r=2.236068
 0.1888683381027540 -0.6610109102467209 0.0022211935727126
 0.0199591567618159 0.0056963396480442 0.0000071218496552
 0. 0. 0.
 BODY71      m=0.0000000300000000 r=2.236068
 0.5982979934462188 -0.8955169881378816 -0.0049500485467960
 0.0137915014602896 0.0092206561997936 -0.0000855026764298
 0. 0. 0.
 BODY72      m=0.0000000300000000 r=2.236068
 -0.4654639930770088 0.4686901997627965 0.0043558537040012
 -0.0149977633290541 -0.0149009048618890 -0.0002243266786689
 0. 0. 0.
 BODY73      m=0.0000000300000000 r=2.236068
 0.5514448942374556 -0.6734517561796338 0.0041497271320342
 0.0142792201985403 0.0116930371097128 -0.0000657576660832
 0. 0. 0.
 BODY74      m=0.0000000300000000 r=2.236068
 -0.7625285431944229 -0.2800955725946218 0.0032479876117009
 0.0065711894478824 -0.0178904095154508 -0.0000277906756945
 0. 0. 0.
 BODY75      m=0.0000000300000000 r=2.236068
 -0.4848454916777410 -0.5425483423411226 0.0004124817775817
 0.0150197600833404 -0.0134267935176385 0.0000601164920328
 0. 0. 0.
 BODY76      m=0.0000000300000000 r=2.236068
 0.9564684745813458 0.2503889826880073 0.0033158231189977
 -0.0043868332456404 0.0167613360680778 0.0000228310948958
 0. 0. 0.
 BODY77      m=0.0000000300000000 r=2.236068
 0.0291771658223880 0.9729543331138507 0.0006951718195712
 -0.0174287928981645 0.0005264912480180 0.0000037311274412
 0. 0. 0.
 BODY78      m=0.0000000300000000 r=2.236068
 -0.8739723746390697 -0.0175545938838354 -0.0088286133253553
 0.0003665873328318 -0.0183658610793652 0.0002110169467942
 0. 0. 0.
 BODY79      m=0.0000000300000000 r=2.236068
 -0.5347276380466605 0.4979523005116323 -0.0072501510562301
 -0.0136901598718793 -0.0147126017201220 -0.0004384133455743
 0. 0. 0.
 BODY80      m=0.0000000300000000 r=2.236068
 -0.8440207799430045 0.1737518198702184 -0.0046305796477490
 -0.0037309812154549 -0.0181236308242572 -0.0000241108779092
 0. 0. 0.
 BODY81      m=0.0000000300000000 r=2.236068
 -0.5962747174496080 0.9071537588577935 -0.0108216121092724
 -0.0137879960183558 -0.0090551200621451 0.0001279109967965
 0. 0. 0.
 BODY82      m=0.0000000300000000 r=2.236068
 0.7572478455346198 -0.7257530053217497 0.0007825179238124
 0.0116324238408491 0.0121426473268069 0.0000215350680049
 0. 0. 0.
 BODY83      m=0.0000000300000000 r=2.236068
 -0.9094670104340519 0.5653136818841434 0.0009019424748293
 -0.0087666058506661 -0.0140977196402274 0.0001637561623765
 0. 0. 0.
 BODY84      m=0.0000000300000000 r=2.236068
 -0.1092224826152392 0.9791231081298833 0.0063344533601149
 -0.0172214409259157 -0.0019174953729832 0.0000939757598730
 0. 0. 0.
 BODY85      m=0.0000000300000000 r=2.236068
 0.2780312114447198 -0.5666800060227616 -0.0000321629705017
 0.0194551693256158 0.0095350071742738 0.0001870591051898
 0. 0. 0.
 BODY86      m=0.0000000300000000 r=2.236068
 0.1241728922043372 0.8228661101995400 -0.0037596842190872
 -0.0186481806998370 0.0028122047281368 -0.0003008692101220
 0. 0. 0.
 BODY87      m=0.0000000300000000 r=2.236068
 0.6368440983380006 -0.7723570082495652 0.0095261059148822
 0.0132760370468148 0.0109508237653872 -0.0000290961121143
 0. 0. 0.
 BODY88      m=0.0000000300000000 r=2.236068
 1.0124288837506270 0.0328944996441349 -0.0002458835571064
 -0.0005557793669634 0.0171089721779121 -0.0000461800808585
 0. 0. 0.
 BODY89      m=0.0000000300000000 r=2.236068
 -0.7178626008514349 0.0103940299469483 0.0016715495744781
 -0.0002933947980959 -0.0202693346288036 0.0000147916345442
 0. 0. 0.
 BODY90      m=0.0000000300000000 r=2.236068
 -0.8609984062179098 -0.0252718330776436 0.0020114053943651
 0.0005429830817541 -0.0184991014037154 -0.0000165283529064
 0. 0. 0.
 BODY91      m=0.0000000300000000 r=2.236068
 0.3376902378973773 -0.7819457746423778 0.0001220544835830
 0.0171219490630017 0.0073946715954981 0.0000693951467188
 0. 0. 0.
 BODY92      m=0.0000000300000000 r=2.236068
 0.4699451377033598 -0.9592105536583231 0.0011266504598959
 0.0149549144624746 0.0073326298004074 -0.0000350258951124
 0. 0. 0.
 BODY93      m=0.0000000300000000 r=2.236068
 0.6711797479838626 0.0647819825389266 0.0011186698212567
 -0.0020164005959957 0.0208838157586946 -0.0000074249993135
 0. 0. 0.
 BODY94      m=0.0000000300000000 r=2.236068
 0.4189968502277416 -0.7342708446235047 -0.0046835560279278
 0.0162616500054114 0.0092796892961942 -0.0000064015352498
 0. 0. 0.
 BODY95      m=0.0000000300000000 r=2.236068
 0.5581801481280164 0.5315980374097194 -0.0075103266966296
 -0.0135288213841494 0.0142019786099925 -0.0000516028720232
 0. 0. 0.
 BODY96      m=0.0000000300000000 r=2.236068
 -0.6820524554774403 -0.4504069650559672 0.0028947531526308
 0.0104718174926765 -0.0158580534302872 0.0000263256391577
 0. 0. 0.
 BODY97      m=0.0000000300000000 r=2.236068
 0.1042867298844096 -0.8124671926409769 0.0010002217207949
 0.0188559783858624 0.0024196803265525 0.0000036317912480
 0. 0. 0.
 BODY98      m=0.0000000300000000 r=2.236068
 0.8457476543085890 -0.0985193658958167 0.0009730619360922
 0.0021602155998600 0.0185450794349932 0.0000653660093784
 0. 0. 0.
 BODY99      m=0.0000000300000000 r=2.236068
 0.9640572480026495 0.0561761537895641 0.0016061987271128
 -0.0010197345677260 0.0175015108274918 0.0001559777341307
 0. 0. 0.
 BODY100      m=0.0000000300000000 r=2.236068
 0.8966705217035166 0.5885357814897545 -0.0000265002842484
 -0.0091226999666604 0.0139045281420783 -0.0002272426717266
 0. 0. 0.
 BODY101      m=0.0000000300000000 r=2.236068
 -0.4156977642572401 -0.6552111821799338 -0.0029468893390492
 0.0164750858393480 -0.0104538279106061 -0.0001794361073365
 0. 0. 0.
 BODY102      m=0.0000000300000000 r=2.236068
 -0.6425048601448922 -0.3326103545064830 0.0020903762206217
 0.0092832330773858 -0.0179365874177103 0.0001283074883192
 0. 0. 0.
