 103
 1 1.000000
 0. 0. 0.
 0. 0. 0.
 2 0.0005000000000000 0.055032
 0.000160
 0.7000000000000000 0.0000000000000000 0.0000000000000000
 0.0000000000000000 1.1944255639561820 0.0000873525112215
 3 0.0005000000000000 0.055032
 0.000160
 0.9900000000000000 0.0000000000000000 0.0000000000000000
 0.0000000000000000 1.0091985909252439 -0.0022829566486999
 4 0.0000000300000000 0.002154
 0.000040
 0.3391049616086195 0.5603884692184394 -0.0013711621375810
 -1.0581717833490758 0.6387403212499645 0.0034064392211551
 5 0.0000000300000000 0.002154
 0.000040
 -0.1628293777631866 0.9322053328483452 0.0012311617184336
 -1.0124005692057392 -0.1777492581900456 -0.0035512746414229
 6 0.0000000300000000 0.002154
 0.000040
 -0.4207550362913969 0.5604852366039875 0.0008212499354107
 -0.9542517557497093 -0.7177930594504226 0.0007834895715685
 7 0.0000000300000000 0.002154
 0.000040
 1.0160142161214591 0.1426352352910876 0.0002295299194855
 -0.1374054084676461 0.9779691502866765 -0.0130835319602721
 8 0.0000000300000000 0.002154
 0.000040
 -0.5811287684491695 0.6257589530832859 -0.0096537100783437
 -0.7921446553702963 -0.7364964517711174 0.0142424972590719
 9 0.0000000300000000 0.002154
 0.000040
 -0.7397112026216085 0.4475927736086928 -0.0163199403361394
 -0.5554795049952447 -0.9199451095220872 -0.0243542064749330
 10 0.0000000300000000 0.002154
 0.000040
 -0.0360856795177971 0.7464773399639879 -0.0009549432933376
 -1.1553013163353274 -0.0571555354300162 -0.0002352457013358
 11 0.0000000300000000 0.002154
 0.000040
 -0.3547795950118496 0.7789043784655589 0.0086965596545605
 -0.9830538100892862 -0.4487486737255644 -0.0074715110762811
 12 0.0000000300000000 0.002154
 0.000040
 0.8863778497560643 0.5041109685941620 -0.0019779288461118
 -0.4901021209856834 0.8609161804939613 -0.0023519366356920
 13 0.0000000300000000 0.002154
 0.000040
 0.4275436616769034 0.7744573838345403 0.0011793504818527
 -0.9314336200780107 0.5131854390856089 0.0017067251039987
 14 0.0000000300000000 0.002154
 0.000040
 1.0475615418974253 0.0430502270213618 0.0128810269800308
 -0.0400379073351784 0.9761186043739979 -0.0088311133367595
 15 0.0000000300000000 0.002154
 0.000040
 -0.1910185586359971 0.5881508868522963 -0.0047971030861099
 -1.2086799953711320 -0.3942449158795331 0.0052381484734923
 16 0.0000000300000000 0.002154
 0.000040
 -1.0979469224570211 -0.0395315914891828 0.0071387934416672
 0.0342740991657473 -0.9530498887631250 -0.0021718643897741
 17 0.0000000300000000 0.002154
 0.000040
 0.6528382536002657 0.2647330466491201 -0.0009483506248275
 -0.4484666697670844 1.1044599098753332 -0.0111613627814497
 18 0.0000000300000000 0.002154
 0.000040
 -0.4860205901199624 0.4207073098308975 0.0030070848698543
 -0.8150157365744298 -0.9432560286248103 0.0107335648471635
 19 0.0000000300000000 0.002154
 0.000040
 0.8863941990221680 -0.2467315984268300 -0.0066680510277745
 0.2799622802524708 1.0046751987890858 0.0053226450454425
 20 0.0000000300000000 0.002154
 0.000040
 -0.5204182105952595 0.5254593824460964 0.0044997309769159
 -0.8251595558490432 -0.8184008769237759 -0.0196019252507996
 21 0.0000000300000000 0.002154
 0.000040
 0.5822237833799631 -0.3962170801682893 -0.0007846132601864
 0.6713876057649879 0.9851587873375685 -0.0072163567776045
 22 0.0000000300000000 0.002154
 0.000040
 -0.2385656218149693 0.7621380000225836 -0.0001143866613738
 -1.0673531058226540 -0.3352850285390370 0.0114406741668920
 23 0.0000000300000000 0.002154
 0.000040
 0.6674702964553374 -0.7420822207880329 0.0083962233022120
 0.7447963639307740 0.6691046661233135 0.0035671928833991
 24 0.0000000300000000 0.002154
 0.000040
 0.1155027079063079 -0.6548933669507353 -0.0026016983098016
 1.2080330479021886 0.2114992813216974 0.0007086383764185
 25 0.0000000300000000 0.002154
 0.000040
 0.4509162807395692 -0.9687248405789272 -0.0141984207883964
 0.8773931191429704 0.4077268046227572 -0.0059794189726964
 26 0.0000000300000000 0.002154
 0.000040
 0.0057638441400841 -0.7420606163366118 -0.0105089739428190
 1.1607646935088567 0.0076877396985011 0.0005549179309842
 27 0.0000000300000000 0.002154
 0.000040
 0.7212652526461076 0.6946313855050215 0.0073497986045411
 -0.6938367806724673 0.7195857497337058 0.0010623701166142
 28 0.0000000300000000 0.002154
 0.000040
 -0.4602696605017840 -0.5875871340770755 0.0000923583167912
 0.9102126288384257 -0.7142950035921348 0.0115303495880998
 29 0.0000000300000000 0.002154
 0.000040
 0.6126132035885832 -0.6205394585210257 0.0010614790189793
 0.7628614370203959 0.7520806553652855 0.0006667655099542
 30 0.0000000300000000 0.002154
 0.000040
 0.8966746789431093 0.2322187736056089 0.0148155991153307
 -0.2609358951039574 1.0061227420477741 0.0076777287465670
 31 0.0000000300000000 0.002154
 0.000040
 0.4758681929664896 0.7270444275931446 0.0081603307928284
 -0.8983105998811837 0.5868366364414103 0.0076983782531410
 32 0.0000000300000000 0.002154
 0.000040
 1.0103873167802253 0.3130088025991796 -0.0078111782764099
 -0.2880746054724513 0.9290244483407208 -0.0039581267362221
 33 0.0000000300000000 0.002154
 0.000040
 1.0861461982030973 0.0858182501229373 -0.0070698324651439
 -0.0754403276627212 0.9552996357970768 0.0150783486215434
 34 0.0000000300000000 0.002154
 0.000040
 0.3556294803768591 0.6231904409330611 -0.0044013373551731
 -1.0262194778264899 0.5842440063957887 0.0017425330571750
 35 0.0000000300000000 0.002154
 0.000040
 0.9404383097943969 -0.2864364826101208 0.0032672533608545
 0.2942311068266972 0.9649656645105470 -0.0172796831157682
 36 0.0000000300000000 0.002154
 0.000040
 -0.0027217943283287 -0.9977631252788186 -0.0002847533329445
 1.0011105923953816 -0.0035780498945200 0.0004767478227695
 37 0.0000000300000000 0.002154
 0.000040
 0.2557792218823786 0.7771651755226424 0.0038008650191243
 -1.0506289873768637 0.3446102136685474 0.0060810067875430
 38 0.0000000300000000 0.002154
 0.000040
 -0.6748296031374543 -0.8116352177214844 -0.0000882370007248
 0.7478602174380983 -0.6225818834051602 -0.0016072872366796
 39 0.0000000300000000 0.002154
 0.000040
 0.9733953482160849 0.2033573605102527 0.0059321434378029
 -0.2053159098390632 0.9819777095391303 -0.0020502142269870
 40 0.0000000300000000 0.002154
 0.000040
 -0.4048160547389621 1.0216046253392088 -0.0078761195359533
 -0.8864722520011615 -0.3519811904749203 0.0026546322979022
 41 0.0000000300000000 0.002154
 0.000040
 0.3763470121620012 0.8082816527251373 -0.0035240810813295
 -0.9606422788099759 0.4462929391667361 0.0018373233388544
 42 0.0000000300000000 0.002154
 0.000040
 0.8140429612387745 0.1309762594391643 0.0066427072352176
 -0.1751611225810767 1.0878031232815439 -0.0053545125331066
 43 0.0000000300000000 0.002154
 0.000040
 0.2791963500833426 0.8370610440063695 -0.0035807748018576
 -1.0101895899433246 0.3358449654722730 -0.0183623767042441
 44 0.0000000300000000 0.002154
 0.000040
 0.6090298881227794 -0.8653359994828103 0.0036344385561962
 0.7954602425660802 0.5590152834997683 -0.0141757934128460
 45 0.0000000300000000 0.002154
 0.000040
 0.8871879475336053 -0.1216436077753205 -0.0056295377743594
 0.1436766007786336 1.0473676406050554 -0.0104298721302184
 46 0.0000000300000000 0.002154
 0.000040
 0.7906327010892825 0.1800270202907632 0.0015482496550047
 -0.2469287385465990 1.0832915693790661 -0.0001706091031660
 47 0.0000000300000000 0.002154
 0.000040
 0.3986248604405265 -0.5934877603918898 -0.0058061579346033
 0.9827445837403300 0.6585909304049529 0.0088142035792812
 48 0.0000000300000000 0.002154
 0.000040
 0.3401057641053506 0.7816872231098981 0.0036249134554768
 -0.9937279847438373 0.4312957274507507 -0.0012704446180861
 49 0.0000000300000000 0.002154
 0.000040
 0.3252408411185434 -0.7471394096726981 0.0066652405300412
 1.0163251884287650 0.4412980844595358 0.0028008029938794
 50 0.0000000300000000 0.002154
 0.000040
 0.1855930149981348 0.8251302110224619 0.0041902460634971
 -1.0612144397150913 0.2375978740031880 0.0021414351847769
 51 0.0000000300000000 0.002154
 0.000040
 0.1471312492692237 -0.6459831470371561 0.0000462244426033
 1.1982180983072725 0.2713427869698075 -0.0211022143134394
 52 0.0000000300000000 0.002154
 0.000040
 0.5273105792720492 -0.9511226038596419 0.0024624097958353
 0.8391274939527964 0.4644705467378421 -0.0016303995941849
 53 0.0000000300000000 0.002154
 0.000040
 0.7222722885754255 -0.2097913154374935 -0.0015654888123142
 0.3221546577768851 1.1077899422112620 0.0042951477398424
 54 0.0000000300000000 0.002154
 0.000040
 -0.8584651852372565 0.1756616152284710 -0.0001713560689055
 -0.2138534994801712 -1.0461401104903376 -0.0020532553413291
 55 0.0000000300000000 0.002154
 0.000040
 0.5397391852026160 -0.7171095803466387 -0.0008691616089996
 0.8439359830151223 0.6342247069306293 -0.0180715401320473
 56 0.0000000300000000 0.002154
 0.000040
 -0.0337538563369442 0.6154428519322129 -0.0007620132413380
 -1.2716808085721845 -0.0714881849266441 0.0009654618848144
 57 0.0000000300000000 0.002154
 0.000040
 0.8631898970117324 -0.3679485369860950 -0.0007518357256382
 0.4053077356797491 0.9499044939303199 -0.0007569372579416
 58 0.0000000300000000 0.002154
 0.000040
 -0.9831994850609526 0.4643555931083062 -0.0097565181259864
 -0.4091474467276584 -0.8669236896199567 0.0059528482444108
 59 0.0000000300000000 0.002154
 0.000040
 0.9127651793502598 -0.2471936043588202 -0.0028286548003825
 0.2691637908372669 0.9929398506424637 0.0027359433477409
 60 0.0000000300000000 0.002154
 0.000040
 0.0579256627559798 0.8828417520617866 0.0004879771713999
 -1.0609615966123669 0.0685983633203314 -0.0004355779250701
 61 0.0000000300000000 0.002154
 0.000040
 -0.4646545303243540 0.8089196121233950 0.0080179832121479
 -0.8971228472811713 -0.5161014806333132 -0.0155771354994918
 62 0.0000000300000000 0.002154
 0.000040
 -0.6269179306535037 -0.2962177152392929 0.0000937429547043
 0.5122004625697739 -1.0854847563813135 0.0023108458134333
 63 0.0000000300000000 0.002154
 0.000040
 0.7190781501196387 0.3261991432084331 0.0000539521671837
 -0.4655794257992951 1.0251241405439151 0.0065672358575329
 64 0.0000000300000000 0.002154
 0.000040
 1.0148076415334313 0.2464429637475456 0.0149920170683058
 -0.2311678948066599 0.9512043301860096 -0.0014547650811139
 65 0.0000000300000000 0.002154
 0.000040
 0.2142242274089942 -0.7463253912058024 -0.0052048258324964
 1.0912664570722705 0.3120338727897294 -0.0046663372895497
 66 0.0000000300000000 0.002154
 0.000040
 0.3781931638787355 0.7101555213996623 0.0045220288534221
 -0.9847297351594196 0.5232422441290342 0.0007563080396914
 67 0.0000000300000000 0.002154
 0.000040
 -0.4878186180607048 0.4743603197916452 -0.0081128831405099
 -0.8440112487668558 -0.8694181217663748 0.0023936934911746
 68 0.0000000300000000 0.002154
 0.000040
 -0.1930984368919146 1.0442771581385402 -0.0064928684120945
 -0.9539845686419199 -0.1771836299655666 -0.0016290021336526
 69 0.0000000300000000 0.002154
 0.000040
 0.0301771825094464 0.8133762860044453 -0.0070635538434947
 -1.1076668779191696 0.0398669930535090 -0.0091108985165256
 70 0.0000000300000000 0.002154
 0.000040
 -0.0492064004619906 -0.6473427885149006 -0.0000883899903196
 1.2373460266588752 -0.0956680050667218 0.0015408314026978
 71 0.0000000300000000 0.002154
 0.000040
 0.1888683381027540 -0.6610109102467209 0.0013770377285568
 1.1602525761378684 0.3300340585442902 0.0004151004830422
 72 0.0000000300000000 0.002154
 0.000040
 0.5982979934462188 -0.8955169881378816 -0.0057942043909518
 0.8017184938756087 0.5349073108109150 -0.0049692875593063
 73 0.0000000300000000 0.002154
 0.000040
 -0.4654639930770088 0.4686901997627965 0.0035116978598453
 -0.8718401156170852 -0.8673114149734620 -0.0130393131695995
 74 0.0000000300000000 0.002154
 0.000040
 0.5514448942374556 -0.6734517561796338 0.0033055712878783
 0.8300702388535635 0.6786301320783824 -0.0038214836017595
 75 0.0000000300000000 0.002154
 0.000040
 -0.7625285431944229 -0.2800955725946218 0.0024038317675450
 0.3819920639022946 -1.0410953336561926 -0.0016144114828141
 76 0.0000000300000000 0.002154
 0.000040
 -0.4848454916777410 -0.5425483423411226 -0.0004316740665742
 0.8731188164726323 -0.7816193436554614 0.0034957501855250
 77 0.0000000300000000 0.002154
 0.000040
 0.9564684745813458 0.2503889826880073 0.0024716672748418
 -0.2550125055422682 0.9732571543146075 0.0013282999972803
 78 0.0000000300000000 0.002154
 0.000040
 0.0291771658223880 0.9729543331138507 -0.0001489840245846
 -1.0131591279324619 0.0295038309422894 0.0002179932489648
 79 0.0000000300000000 0.002154
 0.000040
 -0.8739723746390697 -0.0175545938838354 -0.0096727691695112
 0.0213102137717194 -1.0687339713222785 0.0122677961926086
 80 0.0000000300000000 0.002154
 0.000040
 -0.5347276380466605 0.4979523005116323 -0.0080943069003859
 -0.7958273712983283 -0.8563651005606222 -0.0254844585110591
 81 0.0000000300000000 0.002154
 0.000040
 -0.8440207799430045 0.1737518198702184 -0.0054747354919048
 -0.2168869465986236 -1.0546528014180825 -0.0014004998977182
 82 0.0000000300000000 0.002154
 0.000040
 -0.5962747174496080 0.9071537588577935 -0.0116657679534282
 -0.8015147178302185 -0.5274880970652508 0.0074367357561447
 83 0.0000000300000000 0.002154
 0.000040
 0.7572478455346198 -0.7257530053217497 -0.0000616379203435
 0.6762084134683053 0.7047665775638650 0.0012529602142997
 84 0.0000000300000000 0.002154
 0.000040
 -0.9094670104340519 0.5653136818841434 0.0000577866306734
 -0.5096145665672551 -0.8206211798262742 0.0095204633505823
 85 0.0000000300000000 0.002154
 0.000040
 -0.1092224826152392 0.9791231081298833 0.0054902975159590
 -1.0011054794321810 -0.1125683921933141 0.0054640348784366
 86 0.0000000300000000 0.002154
 0.000040
 0.2780312114447198 -0.5666800060227616 -0.0008763188146575
 1.1309551099086852 0.5531809549485212 0.0108750946986591
 87 0.0000000300000000 0.002154
 0.000040
 0.1241728922043372 0.8228661101995400 -0.0046038400632430
 -1.0840437777743990 0.1623754239293458 -0.0174888332752049
 88 0.0000000300000000 0.002154
 0.000040
 0.6368440983380006 -0.7723570082495652 0.0086819500707263
 0.7717538555505216 0.6354842740106155 -0.0016902982543431
 89 0.0000000300000000 0.002154
 0.000040
 1.0124288837506270 0.0328944996441349 -0.0010900394012622
 -0.0323082006909837 0.9934657080529848 -0.0026834122913068
 90 0.0000000300000000 0.002154
 0.000040
 -0.7178626008514349 0.0103940299469483 0.0008273937303223
 -0.0170554334723914 -1.1793854440123102 0.0008609553747109
 91 0.0000000300000000 0.002154
 0.000040
 -0.8609984062179098 -0.0252718330776436 0.0011672495502093
 0.0315643354537771 -1.0764794102412474 -0.0009597175403745
 92 0.0000000300000000 0.002154
 0.000040
 0.3376902378973773 -0.7819457746423778 -0.0007221013605728
 0.9953218838811120 0.4287603745247549 0.0040351308382745
 93 0.0000000300000000 0.002154
 0.000040
 0.4699451377033598 -0.9592105536583231 0.0002824946157401
 0.8693492534816364 0.4251538016899806 -0.0020350045002819
 94 0.0000000300000000 0.002154
 0.000040
 0.6711797479838626 0.0647819825389266 0.0002745139771009
 -0.1172160735019497 1.2129024328298210 -0.0004305273754918
 95 0.0000000300000000 0.002154
 0.000040
 0.4189968502277416 -0.7342708446235047 -0.0055277118720837
 0.9453115447806331 0.5383389839518975 -0.0003710320355514
 96 0.0000000300000000 0.002154
 0.000040
 0.5581801481280164 0.5315980374097194 -0.0083544825407854
 -0.7864485484225572 0.8244782695431765 -0.0029986464213710
 97 0.0000000300000000 0.002154
 0.000040
 -0.6820524554774403 -0.4504069650559672 0.0020505973084749
 0.6087408084277270 -0.9229517461499404 0.0015314425463735
 98 0.0000000300000000 0.002154
 0.000040
 0.1042867298844096 -0.8124671926409769 0.0001560658766390
 1.0961233362148477 0.1395574535325963 0.0002122187027058
 99 0.0000000300000000 0.002154
 0.000040
 0.8457476543085890 -0.0985193658958167 0.0001289060919364
 0.1255762327367359 1.0769485507663752 0.0038009116758788
 100 0.0000000300000000 0.002154
 0.000040
 0.9640572480026495 0.0561761537895641 0.0007620428829569
 -0.0592785393341105 1.0162845067048289 0.0090682928747333
 101 0.0000000300000000 0.002154
 0.000040
 0.8966705217035166 0.5885357814897545 -0.0008706561284043
 -0.5303147955579045 0.8071870745398363 -0.0132088237605342
 102 0.0000000300000000 0.002154
 0.000040
 -0.4156977642572401 -0.6552111821799338 -0.0037910451832050
 0.9577188563279224 -0.6087968619498372 -0.0104297639960399
 103 0.0000000300000000 0.002154
 0.000040
 -0.6425048601448922 -0.3326103545064830 0.0012462203764658
 0.5396468007872477 -1.0437797171046808 0.0074597843406146
